 $3D-RISM-CUDA
SFE_SC= -172927.33076 !(J/mol)
  SFCE_SC(0)= -265268.82118
  SFCE_SC(1)= 92341.49041

SFE_GF= -195373.98159 !(J/mol)
  SFEC_GF(0)= -274231.24210
  SFEC_GF(1)= 78857.26051

PMV= 0.04930 !(L/mol)
Pressure= 2070272829.11259 !(J/m^3)
Correction_Term= -60444.95532 !(J/mol)
 $END
