 $3D-RISM-CUDA
SFE_SC= -189809.88554 !(J/mol)
  SFCE_SC(0)= -189967.22950
  SFCE_SC(1)= 157.34396

SFE_GF= -212686.86378 !(J/mol)
  SFEC_GF(0)= -198738.34505
  SFEC_GF(1)= -13948.51872

PMV= 0.05081 !(L/mol)
Pressure= 2070272829.11259 !(J/m^3)
Correction_Term= -62295.03352 !(J/mol)
 $END
