 $3D-RISM-CUDA
SFE_SC= -259910.40516 !(J/mol)
  SFCE_SC(0)= -91085936.57527
  SFCE_SC(1)= 90826026.17011

SFE_GF= -270595.65170 !(J/mol)
  SFEC_GF(0)= -91089187.81923
  SFEC_GF(1)= 90818592.16752

PMV= 0.01873 !(L/mol)
Pressure= 1874076744.17378 !(J/m^3)
Correction_Term= -20782.99617 !(J/mol)
 $END
