 $3D-RISM-CUDA
SFE_SC= -18524.67119 !(J/mol)
  SFCE_SC(0)= 83191.61006
  SFCE_SC(1)= -101716.28125

SFE_GF= -26748.23597 !(J/mol)
  SFEC_GF(0)= 79854.95994
  SFEC_GF(1)= -106603.19591

PMV= 0.02012 !(L/mol)
Pressure= 1874076744.17378 !(J/m^3)
Correction_Term= -22331.28162 !(J/mol)
 $END
