 $RESULTS
SFE_SC= 112631.11777 !(J/mol)
  SFEC_SC(0)= 7193906661.30704
  SFEC_SC(1)= -7193794030.18927

SFE_GF= -1075420.08717 !(J/mol)
  SFEC_GF(0)= 7193467594.06187
  SFEC_GF(1)= -7194543014.14903

PMV= 4.57732 !(L/mol)
Pressure= 1874076744.17378 !(J/m^3)
Correction_Term= -5079931.31115 !(J/mol)
 $END
