 $RESULTS
SFE_SC= -23622710.20004 !(J/mol)
  SFEC_SC(0)= 7519395081.15633
  SFEC_SC(1)= -7543017791.35637

SFE_GF= -24752635.91643 !(J/mol)
  SFEC_GF(0)= 7518965006.72593
  SFEC_GF(1)= -7543717642.64236

PMV= 4.03145 !(L/mol)
Pressure= 1874076744.17378 !(J/m^3)
Correction_Term= -4474113.34316 !(J/mol)
 $END
